[gd_scene format=3 uid="uid://1j36jj8cwtkx"]

[ext_resource type="Script" uid="uid://hajtbhl1tijf" path="res://start_scene.gd" id="1_ig7tw"]
[ext_resource type="PackedScene" uid="uid://crkh8hdu5af84" path="res://addons/livestream-rust/gumbot/gumbot.tscn" id="2_0xm2m"]
[ext_resource type="Material" uid="uid://csotmk0m42uj7" path="res://materials/scrolling_background/profile_page_background.tres" id="2_7mycd"]
[ext_resource type="Shader" uid="uid://bqw622cobg44v" path="res://materials/outline/outline.gdshader" id="2_272bh"]
[ext_resource type="PackedScene" uid="uid://dk46dldcxqfbu" path="res://ui/profile_overlay.tscn" id="3_5vw27"]
[ext_resource type="Shader" uid="uid://cw1km147x2fwu" path="res://addons/livestream-rust/materials/bot_mat/bot_shader.gdshader" id="3_lquwl"]
[ext_resource type="Texture2D" uid="uid://cas3gr887xevi" path="res://addons/livestream-rust/materials/bot_mat/bot_albedo.png" id="4_7mycd"]
[ext_resource type="Texture2D" uid="uid://ba6mac1k3t38a" path="res://addons/livestream-rust/materials/bot_mat/bot_normals.png" id="5_272bh"]

[sub_resource type="QuadMesh" id="QuadMesh_5vw27"]
lightmap_size_hint = Vector2i(12, 12)
flip_faces = true
size = Vector2(2, 2)

[sub_resource type="ShaderMaterial" id="ShaderMaterial_272bh"]
render_priority = 127
shader = ExtResource("2_272bh")
shader_parameter/thickness = 2.0
shader_parameter/outline_color = Color(0, 0, 0, 1)
shader_parameter/threshold = 0.00356999991075
shader_parameter/samples = 8

[sub_resource type="Environment" id="Environment_mbe3m"]
background_mode = 3
ambient_light_source = 2
ambient_light_color = Color(1, 1, 1, 1)
tonemap_mode = 2
ssao_enabled = true

[sub_resource type="Compositor" id="Compositor_kek77"]

[sub_resource type="ShaderMaterial" id="ShaderMaterial_5vw27"]
resource_local_to_scene = true
render_priority = 0
shader = ExtResource("3_lquwl")
shader_parameter/albedo_texture = ExtResource("4_7mycd")
shader_parameter/normal_map = ExtResource("5_272bh")
shader_parameter/bot_color = Color(1, 0, 0, 1)

[node name="Profile" type="Node3D" unique_id=920442990 node_paths=PackedStringArray("profile_overlay")]
script = ExtResource("1_ig7tw")
profile_overlay = NodePath("ProfileOverlay")

[node name="Camera3D" type="Camera3D" parent="." unique_id=259427562]
transform = Transform3D(1, 0, 0, 0, 0.9953139, 0.09669699, 0, -0.09669699, 0.9953139, 0, 0.297, 0.307)

[node name="MeshInstance3D" type="MeshInstance3D" parent="Camera3D" unique_id=1814416131]
transform = Transform3D(1, 0, 0, 0, 1, 0, 0, 0, 1, 0, -0.06012258, -1.861503)
visible = false
mesh = SubResource("QuadMesh_5vw27")
surface_material_override/0 = SubResource("ShaderMaterial_272bh")

[node name="DirectionalLight3D" type="DirectionalLight3D" parent="." unique_id=339057237]
transform = Transform3D(0.18701154, 0.62628764, 0.7568295, 0.062790595, -0.77646685, 0.62702227, 0.98034906, -0.06973864, -0.18453321, 1.137617, 0.9017843, -0.071688496)
light_color = Color(0.99646264, 0.82775444, 0.63832206, 1)
light_energy = 5.0

[node name="ProfileOverlay" parent="." unique_id=633817562 instance=ExtResource("3_5vw27")]

[node name="CanvasLayer" type="CanvasLayer" parent="." unique_id=820797902]
layer = -1

[node name="ColorRect" type="ColorRect" parent="CanvasLayer" unique_id=1047817338]
material = ExtResource("2_7mycd")
anchors_preset = 15
anchor_right = 1.0
anchor_bottom = 1.0
grow_horizontal = 2
grow_vertical = 2

[node name="WorldEnvironment" type="WorldEnvironment" parent="." unique_id=1570524533]
environment = SubResource("Environment_mbe3m")
compositor = SubResource("Compositor_kek77")

[node name="gumbot" parent="." unique_id=574168232 instance=ExtResource("2_0xm2m")]
unique_name_in_owner = true
transform = Transform3D(0.76339024, 0, 0.64593744, 0, 1, 0, -0.64593744, 0, 0.76339024, -0.2831327, 0.042121172, -0.098897584)
surface_mat = SubResource("ShaderMaterial_5vw27")
