[gd_scene format=3 uid="uid://bspyowvphghr3"]

[ext_resource type="PackedScene" uid="uid://bab2ubhg8o2jw" path="res://games/marbles/maps/gumball-map1.blend" id="1_28nk5"]
[ext_resource type="Script" uid="uid://bnxtlwmptxrq1" path="res://games/marbles/maps/marbles_map.gd" id="2_tjf41"]
[ext_resource type="PackedScene" uid="uid://diyvoye7vs7ks" path="res://games/debug_camera.tscn" id="3_4cld7"]
[ext_resource type="PackedScene" uid="uid://dgll8fvuxvlum" path="res://games/marbles/props/marbles_spinner.tscn" id="3_4nog8"]
[ext_resource type="PackedScene" uid="uid://eki78xsf4ibe" path="res://games/marbles/props/marbles_bumper.tscn" id="4_sevp3"]
[ext_resource type="Texture2D" uid="uid://6om2hiwmkli" path="res://textures/panorama6.jpg" id="8_kvqxd"]
[ext_resource type="PackedScene" uid="uid://c6ybf4jojq1uj" path="res://games/marbles/props/marbles_shattering_glass.tscn" id="9_1um5w"]

[sub_resource type="BoxShape3D" id="BoxShape3D_ao6dl"]
size = Vector3(21.9851, 1, 2.65137)

[sub_resource type="BoxShape3D" id="BoxShape3D_tjf41"]
size = Vector3(12.6067, 5.75934, 1.5885799)

[sub_resource type="BoxShape3D" id="BoxShape3D_87yb8"]
size = Vector3(217.476, 30.0066, 259.342)

[sub_resource type="BoxShape3D" id="BoxShape3D_fxgnb"]
size = Vector3(213.22482, 30.007, 100)

[sub_resource type="Curve3D" id="Curve3D_tjf41"]
_data = {
"points": PackedVector3Array(0, 0, 0, 0, 0, 0, 0.34915924, -1.131424, 1.0147828, 0, 0, 0, 0, 0, 0, 0.26556396, -1.1836319, -2.2278976),
"tilts": PackedFloat32Array(0, 0)
}
point_count = 2

[sub_resource type="Environment" id="Environment_8bl5g"]
background_mode = 2
ambient_light_color = Color(0.5102944, 0.26274186, 0.71350974, 1)
ambient_light_sky_contribution = 0.0

[sub_resource type="StandardMaterial3D" id="StandardMaterial3D_1um5w"]
cull_mode = 2
shading_mode = 0
albedo_texture = ExtResource("8_kvqxd")
disable_receive_shadows = true

[sub_resource type="SphereShape3D" id="SphereShape3D_kvqxd"]
radius = 0.20016275

[sub_resource type="SphereMesh" id="SphereMesh_rcfe2"]
radius = 0.175
height = 0.35

[node name="gumball-map1" unique_id=1046374700 node_paths=PackedStringArray("finish_area", "out_of_bounds_area", "spawn_path", "animation_player") instance=ExtResource("1_28nk5")]
script = ExtResource("2_tjf41")
finish_area = NodePath("FinishArea2")
out_of_bounds_area = NodePath("OutOfBoundsArea")
spawn_path = NodePath("SpawnPath")
animation_player = NodePath("AnimationPlayer")

[node name="DirectionalLight3D2" type="DirectionalLight3D" parent="." index="0" unique_id=860263462]
transform = Transform3D(-0.9306227, 0.14269298, -0.33701667, -0.029399123, 0.8887373, 0.45747313, 0.3647975, 0.43564287, -0.82288396, -11.540909, 25.993324, 2.970518)
light_energy = 0.147

[node name="StaticBody3D2" type="StaticBody3D" parent="." index="1" unique_id=589620629]
transform = Transform3D(0, 1, 0, -1, 0, 0, 0, 0, 1, 26.1318, 27.8351, -5.28797)

[node name="CollisionShape3D" type="CollisionShape3D" parent="StaticBody3D2" index="0" unique_id=2024379589]
transform = Transform3D(1, 0, 0, 0, -4.37114e-08, -1, 0, 1, -4.37114e-08, -5.99255, -1.62842, 6.9969)
shape = SubResource("BoxShape3D_ao6dl")

[node name="CollisionShape3D2" type="CollisionShape3D" parent="StaticBody3D2" index="1" unique_id=960177344]
transform = Transform3D(1.00291, 0, 0, 0, -4.38387e-08, -1.00291, 0, 1.00291, -4.38387e-08, -5.99255, -1.62842, -6.83066)
shape = SubResource("BoxShape3D_ao6dl")

[node name="MarblesSpinner2" parent="." index="2" unique_id=1084532358 groups=["marbles_prop"] instance=ExtResource("3_4nog8")]
transform = Transform3D(0.791536, -0.350981, 2.72184e-17, 0.350981, 0.791536, -2.88075e-16, 2.58047e-08, -3.49087e-16, 0.865861, 39.019, 50.5578, 0.33112)

[node name="MarblesSpinner3" parent="." index="3" unique_id=788279968 groups=["marbles_prop"] instance=ExtResource("3_4nog8")]
transform = Transform3D(0.8212067, -0.2744746, 7.262632e-17, 0.2744746, 0.8212067, -2.928115e-16, 2.5804699e-08, -1.0521121e-15, 0.86586094, 65.066, 68.2264, 2.93249)

[node name="DirectionalLight3D" type="DirectionalLight3D" parent="." index="4" unique_id=1635784220]
transform = Transform3D(-0.388362, -0.443438, -0.807798, -0.509024, -0.627499, 0.589185, -0.768159, 0.640006, 0.0179762, -10.4232, 5.8329, 0)
shadow_enabled = true
shadow_opacity = 0.57

[node name="Sphere" parent="." index="5" unique_id=1218526013]
visible = false

[node name="Sphere_001-noimport" parent="." index="6" unique_id=1365265424]
visible = false

[node name="Funnel" parent="." index="8" unique_id=45935798]
visible = false

[node name="MarblesSpinner" parent="." index="18" unique_id=256819916]
visible = false

[node name="Circle_001" parent="." index="21" unique_id=804863669]
visible = false

[node name="Circle_002" parent="." index="22" unique_id=259667857]
visible = false

[node name="marbles-bumper3" parent="." index="24" unique_id=462884197 instance=ExtResource("4_sevp3")]
transform = Transform3D(0.990595, 0, 0, 0, 0.349778, -0.926787, 0, 0.926787, 0.349778, 24.5844, 23.1001, -11.4756)

[node name="marbles-bumper8" parent="." index="25" unique_id=1514189121 instance=ExtResource("4_sevp3")]
transform = Transform3D(-0.990595, -8.10223e-08, -3.05786e-08, 0, 0.349778, -0.926787, 8.66006e-08, -0.926787, -0.349778, 24.5844, 23.4033, 0.83876)

[node name="marbles-bumper2" parent="." index="26" unique_id=646239695 instance=ExtResource("4_sevp3")]
transform = Transform3D(0.990595, 0, 0, 0, 0.915989, -0.377151, 0, 0.377151, 0.915989, 24.5844, 17.5791, -8.61866)

[node name="marbles-bumper5" parent="." index="27" unique_id=391888060 instance=ExtResource("4_sevp3")]
transform = Transform3D(0.990595, 0, 0, 0, 0.914853, 0.379899, 0, -0.379899, 0.914853, 24.5844, 17.7193, -2.0492)

[node name="FinishArea2" type="Area3D" parent="." index="31" unique_id=749977209]
transform = Transform3D(1, 0, 0, 0, 1, 0, 0, 0, 1, 0, -6.65094, -6.33502)
collision_mask = 2

[node name="CollisionShape3D" type="CollisionShape3D" parent="FinishArea2" index="0" unique_id=611692593]
transform = Transform3D(1, 0, 0, 0, 1, 0, 0, 0, 1, 0.580431, -11.536358, -8.960535)
shape = SubResource("BoxShape3D_tjf41")

[node name="OutOfBoundsArea" type="Area3D" parent="." index="32" unique_id=1964003097]
unique_name_in_owner = true
transform = Transform3D(1, 0, 0, 0, 1, 0, 0, 0, 1, 0, -13.6046, -5.97411)
collision_layer = 0
collision_mask = 2

[node name="CollisionShape3D" type="CollisionShape3D" parent="OutOfBoundsArea" index="0" unique_id=2094111715]
transform = Transform3D(0.2860898, -0.95820284, 0, 0.95820284, 0.2860898, 0, 0, 0, 1, 21.2718, -55.751175, 8.89998)
shape = SubResource("BoxShape3D_87yb8")

[node name="CollisionShape3D3" type="CollisionShape3D" parent="OutOfBoundsArea" index="1" unique_id=6106296]
transform = Transform3D(-0.38358617, -0.923505, 0, 0.923505, -0.38358617, 0, 0, 0, 1, -21.208937, -55.751175, 8.89998)
shape = SubResource("BoxShape3D_87yb8")

[node name="CollisionShape3D2" type="CollisionShape3D" parent="OutOfBoundsArea" index="2" unique_id=1668775284]
transform = Transform3D(0.9427405, -0.33352715, 0, 0.33352715, 0.9427405, 0, 0, 0, 1, 135.67004, 74.86697, 8.89998)
shape = SubResource("BoxShape3D_fxgnb")

[node name="SpawnPath" type="Path3D" parent="." index="33" unique_id=454938272]
transform = Transform3D(0.9999978, 0.0015394343, 0.0014083391, -0.0015396923, 0.9999988, 0.00018113754, -0.0014080569, -0.00018331753, 0.999999, 119.5167, 91.8646, 0.01438427)
visible = false
curve = SubResource("Curve3D_tjf41")

[node name="SpawnPathTEST" type="Path3D" parent="." index="34" unique_id=1977413412]
transform = Transform3D(0.9999978, 0.0015394343, 0.0014083391, -0.0015396923, 0.9999988, 0.00018113754, -0.0014080569, -0.00018331753, 0.999999, 7.280916, 5.418811, -6.2699146)
curve = SubResource("Curve3D_tjf41")

[node name="DebugCamera" parent="." index="35" unique_id=1098239593 instance=ExtResource("3_4cld7")]
unique_name_in_owner = true
transform = Transform3D(-0.029620912, -0.56637686, 0.82361394, -0.020025253, 0.8241464, 0.5660228, -0.9993606, 0.00027303345, -0.035753805, 107.32893, 95.07298, -0.6528377)

[node name="WorldEnvironment" type="WorldEnvironment" parent="." index="37" unique_id=1610954951]
environment = SubResource("Environment_8bl5g")

[node name="shattering-glass" parent="." index="38" unique_id=1880019793 instance=ExtResource("9_1um5w")]
transform = Transform3D(0.66785985, 0, 0, 0, 0.6653849, 0.05744333, 0, -0.05744333, 0.6653849, 0.66866255, -18.913874, -14.3682375)

[node name="Cube" parent="." index="39" unique_id=387175557]
visible = false

[node name="SkySphere" type="CSGSphere3D" parent="." index="40" unique_id=2049814171]
transform = Transform3D(1, 5.9604645e-08, 0, 0, 0.9999999, 0, -2.9802322e-08, -2.9802322e-08, 0.99999994, -2.2888184e-05, 0, 4.887581e-06)
radius = 550.13477
radial_segments = 32
rings = 32
material = SubResource("StandardMaterial3D_1um5w")

[node name="Camera" parent="." index="41" unique_id=1104200011]
transform = Transform3D(-0.33689916, -0.6081267, 0.7188051, 3.3169985e-05, 0.76342714, 0.6458938, -0.9415407, 0.21762489, -0.25717783, 122.04688, 93.43829, -1.9442319)
current = true
fov = 75.0

[node name="RigidBody3D" type="RigidBody3D" parent="." index="45" unique_id=857522275]
transform = Transform3D(1, 0, 0, 0, 1, 0, 0, 0, 1, 0, -14.875166, -17.274761)
visible = false

[node name="CollisionShape3D" type="CollisionShape3D" parent="RigidBody3D" index="0" unique_id=1303953486]
shape = SubResource("SphereShape3D_kvqxd")

[node name="MeshInstance3D" type="MeshInstance3D" parent="RigidBody3D" index="1" unique_id=8812853]
mesh = SubResource("SphereMesh_rcfe2")
